[
    {
        "n": 5,
        "k": 3,
        "delta": 0.1,
        "means": [
            [
                1.2009141520419742,
                7.367594856836808,
                9.389940522321846
            ],
            [
                8.721094787104482,
                1.6814093541835906,
                6.873932185436068
            ],
            [
                7.358854494645773,
                4.478153551630916,
                1.705981082544814
            ],
            [
                8.79315116653084,
                1.366685368482885,
                2.6754801506741064
            ],
            [
                0.37850282294764725,
                6.743154838470681,
                5.220592678597658
            ]
        ],
        "contexts": [
            [
                0.45680083954898765,
                0.32635033359092613,
                0.21684882686008614
            ],
            [
                0.17583143320345151,
                0.44485662827993067,
                0.37931193851661776
            ],
            [
                0.41319719834973817,
                0.2926172131699646,
                0.2941855884802971
            ],
            [
                0.3808867597302149,
                0.25384505547415803,
                0.36526818479562695
            ],
            [
                0.2691763580658674,
                0.5400650781337379,
                0.19075856380039471
            ]
        ],
        "w_star": [
            0.41325642822081243,
            0.3843060938831921,
            0.14636620836967035,
            0.021156641944128564,
            0.034914627582196676
        ],
        "T_star": 0.0031779822074018325
    },
    {
        "n": 5,
        "k": 5,
        "delta": 0.1,
        "means": [
            [
                6.57021046772218,
                5.674115583023607,
                1.8559841048610937,
                3.3356736305769594,
                9.854707285386286
            ],
            [
                4.489334600799927,
                3.5906274993775678,
                6.275919971932886,
                8.551934516306828,
                1.3528372004838929
            ],
            [
                0.7328822756132536,
                2.4089436320918853,
                5.05012658238436,
                5.792273557510947,
                9.34386228274157
            ],
            [
                3.4864776722825153,
                6.553029237469178,
                2.8097644522250356,
                5.364177110186489,
                7.719810465065327
            ],
            [
                1.5611386720724452,
                7.954589055615027,
                7.602946513065554,
                5.9082346071567695,
                1.3370949219392547
            ]
        ],
        "contexts": [
            [
                0.13439222674664503,
                0.14754971654087393,
                0.18514812428189587,
                0.3577384246480123,
                0.1751715077825729
            ],
            [
                0.22159435225405077,
                0.14470365642225,
                0.18052381840381684,
                0.22422911434369638,
                0.22894905857618592
            ],
            [
                0.21736662683013286,
                0.21948579269734883,
                0.149054534392376,
                0.17589160626661204,
                0.23820143981353023
            ],
            [
                0.2897319550659237,
                0.08077552419255023,
                0.28369242870306494,
                0.12812154050281863,
                0.21767855153564247
            ],
            [
                0.1732559113559344,
                0.20671593962797644,
                0.10529819552199149,
                0.2539613269712607,
                0.26076862652283694
            ]
        ],
        "w_star": [
            0.4584865755207542,
            0.4555093787200856,
            0.03256080941516956,
            0.03751165444530685,
            0.01593158189868374
        ],
        "T_star": 0.003224543862043011
    },
    {
        "n": 5,
        "k": 7,
        "delta": 0.1,
        "means": [
            [
                9.021562544853623,
                8.521570193984294,
                0.9265656830843083,
                0.8920098432456269,
                5.612148064421742,
                2.175130752540022,
                2.024433488730545
            ],
            [
                6.416022516287656,
                9.894533027467599,
                8.025102735589224,
                0.2987047865497061,
                6.219788687601083,
                0.11364759840790328,
                0.6895567277467829
            ],
            [
                0.5592612201958014,
                5.784583456945826,
                6.1250538569364394,
                6.100172443006464,
                9.715554905190375,
                2.676082489865139,
                0.5288477679323034
            ],
            [
                6.623114873768569,
                4.808499602912447,
                5.651473057665798,
                6.176031344833929,
                1.3796383297121029,
                7.909751729368098,
                5.119639734797964
            ],
            [
                1.0956207025697584,
                6.125607098471643,
                0.2824599278111173,
                7.362524358461253,
                8.224575123629503,
                7.364927738973667,
                4.374836981547991
            ]
        ],
        "contexts": [
            [
                0.17531360308400556,
                0.18906255309293338,
                0.09699471495058966,
                0.07584860943912992,
                0.17589255115812702,
                0.18996638775897157,
                0.09692158051624304
            ],
            [
                0.21452805317331342,
                0.10462447811790682,
                0.1966050112068164,
                0.07822977888655093,
                0.11742864054132093,
                0.1697945598886858,
                0.11878947818540574
            ],
            [
                0.09099021608485981,
                0.14001246823644783,
                0.1436536972293907,
                0.1821933193889766,
                0.16139334709776657,
                0.0942162193963089,
                0.1875407325662497
            ],
            [
                0.06466237754393735,
                0.209995047313657,
                0.20566730667213443,
                0.06515932101137809,
                0.21793364673973079,
                0.06837241885791846,
                0.16820988186124383
            ],
            [
                0.19683719207052539,
                0.10713474129818787,
                0.1227474729805658,
                0.15604266237843575,
                0.11050136614491755,
                0.17564827886195866,
                0.13108828626540908
            ]
        ],
        "w_star": [
            0.38051069805801013,
            0.3093246596657533,
            0.06873347238553579,
            0.03342912798984666,
            0.2080020419008543
        ],
        "T_star": 0.0037084450958223126
    },
    {
        "n": 10,
        "k": 3,
        "delta": 0.1,
        "means": [
            [
                4.39676106491598,
                4.012217695689627,
                9.882717078564836
            ],
            [
                7.797614174509803,
                6.2141756650641575,
                1.2450343253053997
            ],
            [
                4.857669232815845,
                1.7777978133918393,
                9.374470502901383
            ],
            [
                1.2955226323956925,
                9.756838810855712,
                3.6088067210174977
            ],
            [
                5.801107795920491,
                4.284860314005437,
                4.5099911921390685
            ],
            [
                3.497147096268555,
                5.8893082353487936,
                4.613859548632005
            ],
            [
                8.12071182641816,
                0.3062378254579734,
                3.389509646895278
            ],
            [
                3.4543257063084276,
                8.208573299244046,
                4.197258281163915
            ],
            [
                5.576669364540505,
                1.7380721795724652,
                7.704392889468274
            ],
            [
                6.549070905838882,
                2.3470573391126237,
                3.7256074565947883
            ]
        ],
        "contexts": [
            [
                0.43650693063816354,
                0.42664066921564664,
                0.13685240014618982
            ],
            [
                0.25564304697782936,
                0.4015730038677309,
                0.34278394915443977
            ],
            [
                0.40033817994569354,
                0.3566316113300117,
                0.2430302087242949
            ],
            [
                0.4631184882683199,
                0.38411080491061056,
                0.15277070682106944
            ],
            [
                0.3539555637121041,
                0.34029216372742155,
                0.3057522725604742
            ],
            [
                0.2559905358569912,
                0.2797440107255461,
                0.46426545341746256
            ],
            [
                0.4139272778965397,
                0.20366465589158278,
                0.3824080662118776
            ],
            [
                0.3965302957794821,
                0.186464890474006,
                0.417004813746512
            ],
            [
                0.4153780317406998,
                0.3390512657530774,
                0.24557070250622282
            ],
            [
                0.4070543111721732,
                0.2781811840679602,
                0.3147645047598665
            ]
        ],
        "w_star": [
            0.34875570160521535,
            0.2911593518937714,
            0.05254400314521027,
            0.1449062464743744,
            0.111123610112857,
            0.00838256693110572,
            0.010841122632956689,
            0.006718817488025714,
            0.022526105333805717,
            0.0030424743826778
        ],
        "T_star": 0.0007420388129212283
    },
    {
        "n": 10,
        "k": 5,
        "delta": 0.1,
        "means": [
            [
                2.9018084867866376,
                6.625614810835999,
                7.2737035065299995,
                2.1283036554429513,
                6.622880594546093
            ],
            [
                4.788552655725847,
                9.037588716363135,
                7.689961759912558,
                2.2755826347184693,
                1.1392533544124495
            ],
            [
                0.016346236443526285,
                4.347345850440949,
                5.309975301409116,
                3.913670906390415,
                8.047024957236596
            ],
            [
                9.502404810017389,
                6.422118056069557,
                3.4722717008165818,
                2.793528447424002,
                3.9651103599246076
            ],
            [
                6.158712090926418,
                6.636126205651688,
                7.041001788778935,
                0.8769847904113326,
                5.829497696500533
            ],
            [
                1.2789597026044308,
                8.10011839237228,
                5.803533400472249,
                6.252816792833387,
                6.748670809409424
            ],
            [
                5.1979832836962006,
                9.341168066170422,
                3.102010489576874,
                2.2763931826253305,
                2.007526569594896
            ],
            [
                9.073667644866338,
                4.265795027263514,
                2.6532260020730125,
                5.42518905211147,
                3.1825485941219736
            ],
            [
                3.936984347663981,
                4.246598059379001,
                1.564959157673762,
                4.086237898299631,
                8.85550645757126
            ],
            [
                4.381324867377177,
                4.859159910662666,
                6.239205113924092,
                5.985999181812817,
                2.9498484225947594
            ]
        ],
        "contexts": [
            [
                0.23016515714994473,
                0.19984821777436504,
                0.20753547111385715,
                0.2148547952747976,
                0.1475963586870356
            ],
            [
                0.11900457976066132,
                0.13450861066625225,
                0.29253917408734814,
                0.25110263759846974,
                0.20284499788726854
            ],
            [
                0.1253233473711704,
                0.14739375919611072,
                0.2698290039957512,
                0.21973990085976303,
                0.2377139885772047
            ],
            [
                0.07523255749642188,
                0.2905120207287155,
                0.24498119081559597,
                0.1376436796926756,
                0.2516305512665911
            ],
            [
                0.228082729053218,
                0.17753289434564964,
                0.07478797177192198,
                0.2551966046080698,
                0.26439980022114057
            ],
            [
                0.3789485083574544,
                0.16216775529716193,
                0.16098308382829277,
                0.1988199519576879,
                0.09908070055940298
            ],
            [
                0.1369725030082777,
                0.2548463845457996,
                0.20779544094647276,
                0.2748846614297902,
                0.12550101006965975
            ],
            [
                0.1608140352370649,
                0.2923762179734484,
                0.2453885784336003,
                0.14620500466974534,
                0.15521616368614105
            ],
            [
                0.2303341809448343,
                0.2489431631225883,
                0.16145700167042099,
                0.10845629078657457,
                0.25080936347558186
            ],
            [
                0.19300935966332514,
                0.2045310752333646,
                0.18080654063626686,
                0.1928602975668921,
                0.2287927269001512
            ]
        ],
        "w_star": [
            0.3421903028498051,
            0.055070303237208906,
            0.07262749202671333,
            0.03365550864048835,
            0.18724861388993072,
            0.005512565479225833,
            0.004533488253760687,
            0.005523242847788334,
            0.26806021922397755,
            0.025578263551101273
        ],
        "T_star": 0.0007193051774248499
    },
    {
        "n": 10,
        "k": 7,
        "delta": 0.1,
        "means": [
            [
                1.501338167258941,
                7.9304543823830365,
                1.1583458975608085,
                7.774328228814891,
                5.738312106153051,
                8.393279411042704,
                4.799264473137134
            ],
            [
                2.8757704633858747,
                0.7914377522290617,
                9.594729830573838,
                2.3552308224027687,
                8.892221982790979,
                6.321955641115251,
                3.1992326862048626
            ],
            [
                7.633795702994714,
                3.431654890761824,
                0.39132855694516855,
                1.0769669652926728,
                9.208612583651114,
                8.639668016391356,
                4.47250931774818
            ],
            [
                3.496256847383541,
                6.278664481667729,
                7.581632534951294,
                5.871970991626684,
                4.061986733170748,
                3.691328268500399,
                1.9860718713009728
            ],
            [
                6.538495195310546,
                1.2818543994122455,
                4.573770988273292,
                3.553838159191296,
                4.51766336569713,
                6.851924797701559,
                5.694841261099604
            ],
            [
                7.188886426502311,
                3.3107062599962136,
                2.7990058898668835,
                4.979117057245356,
                1.2796585725269816,
                8.217759774937774,
                2.8653496929710554
            ],
            [
                4.371885419611123,
                4.202385848267376,
                2.615610373072675,
                9.282231775822098,
                6.8122731359163415,
                2.8078085657645637,
                4.969666259070239
            ],
            [
                7.481764281422819,
                1.4131638577184114,
                6.759232920556931,
                7.387973732446143,
                1.7373255982267088,
                2.715123283639578,
                8.106540653477069
            ],
            [
                6.64327332996545,
                1.0985119030129098,
                5.137121512782982,
                7.839676505368707,
                1.1050504334735178,
                5.733431719286786,
                9.545032332893474
            ],
            [
                3.6727526835686017,
                3.901259133772749,
                7.931666157232882,
                0.2110084954093594,
                2.7266045681795195,
                3.340314910995368,
                8.660929351479599
            ]
        ],
        "contexts": [
            [
                0.16327168827762076,
                0.17694603786551985,
                0.1783691787133653,
                0.11570572089029078,
                0.09077373890412369,
                0.1078291464837881,
                0.16710448886529164
            ],
            [
                0.06639839422352946,
                0.17093866874039462,
                0.1816488775793338,
                0.17618036669912288,
                0.16743591054362986,
                0.06195285291195646,
                0.17544492930203304
            ],
            [
                0.16431323226659852,
                0.05887432296461241,
                0.18518922451775563,
                0.12668823064242857,
                0.184292301678407,
                0.0656350111414319,
                0.2150076767887659
            ],
            [
                0.06482906981157956,
                0.06859179959283217,
                0.19756109928963866,
                0.2208636981446271,
                0.16356060109228057,
                0.14617551585175337,
                0.13841821621728875
            ],
            [
                0.17644203630930827,
                0.10615712662951304,
                0.17760736191509813,
                0.14077407487208166,
                0.12299212582596127,
                0.14466678079155346,
                0.13136049365648406
            ],
            [
                0.17591847556423537,
                0.157880673667481,
                0.118225882914338,
                0.19659553876311708,
                0.09872379229333639,
                0.1636195057150827,
                0.08903613108240936
            ],
            [
                0.08385213590459452,
                0.1906865819588644,
                0.15766434270248747,
                0.09423476403316726,
                0.19361260716257828,
                0.17664150060415126,
                0.10330806763415692
            ],
            [
                0.1198184332022857,
                0.20523095231503935,
                0.0843936612259605,
                0.20249690863489755,
                0.09547528388387085,
                0.2161253434778087,
                0.0764594172601374
            ],
            [
                0.13013062855208973,
                0.19992339917741372,
                0.07374517349967287,
                0.1607640259857292,
                0.16189771263912364,
                0.17995110482888776,
                0.09358795531708297
            ],
            [
                0.17173739626970316,
                0.10839292219059828,
                0.12752703781872882,
                0.14933536109540624,
                0.07262478583117156,
                0.1585869284144984,
                0.21179556837989347
            ]
        ],
        "w_star": [
            0.35081434767802244,
            0.19996818428687996,
            0.05665561595695455,
            0.27322016603267246,
            0.06698524244321927,
            0.016835849120888247,
            0.010590631241771781,
            0.0032268634973764,
            0.017771049681175075,
            0.003932050061039778
        ],
        "T_star": 0.0005707234284864095
    },
    {
        "n": 15,
        "k": 3,
        "delta": 0.1,
        "means": [
            [
                4.654274328323574,
                2.638392680772351,
                9.706206264187383
            ],
            [
                0.6044949786946152,
                5.337719165371748,
                9.19667169546345
            ],
            [
                1.923695771259134,
                4.4785015656148275,
                9.641196897508733
            ],
            [
                7.073662853967568,
                4.97122694925203,
                4.05826778425898
            ],
            [
                2.9130831748566965,
                9.602946503118323,
                0.5468350444135905
            ],
            [
                0.3681312860214292,
                3.915674444378258,
                9.106462884029716
            ],
            [
                2.5794106414690408,
                8.974118138930983,
                1.501831738464221
            ],
            [
                9.13389427604113,
                2.4845530267521356,
                0.460356879780901
            ],
            [
                9.36757966393819,
                7.826707564934896,
                0.5202218602699504
            ],
            [
                0.017621769067909243,
                8.579985073608361,
                3.8790311882377204
            ],
            [
                7.261020622821114,
                5.309631085047245,
                0.23370607677108302
            ],
            [
                4.0695588124077275,
                7.843577718323596,
                2.9090348014058423
            ],
            [
                1.24159467059906,
                8.811994655951525,
                1.7691875878403474
            ],
            [
                8.440061349083845,
                4.481550924921044,
                3.156392420771347
            ],
            [
                0.6162242455000755,
                4.86493864506388,
                6.973723239433642
            ]
        ],
        "contexts": [
            [
                0.38847578727108617,
                0.38764644434429274,
                0.22387776838462106
            ],
            [
                0.3588318781884281,
                0.30008669114817976,
                0.3410814306633921
            ],
            [
                0.418728399075226,
                0.28716445831876297,
                0.29410714260601095
            ],
            [
                0.21025877552991942,
                0.24809855944934064,
                0.5416426650207399
            ],
            [
                0.23080883003266509,
                0.42367350713969254,
                0.34551766282764246
            ],
            [
                0.2894610656410378,
                0.3274961703186706,
                0.3830427640402916
            ],
            [
                0.19014731378097,
                0.4212084228664597,
                0.38864426335257024
            ],
            [
                0.4128627817266529,
                0.3515435875112848,
                0.23559363076206238
            ],
            [
                0.18081011578834474,
                0.38149449517672707,
                0.4376953890349281
            ],
            [
                0.18422514564436587,
                0.3421621758476885,
                0.47361267850794564
            ],
            [
                0.2928699695886106,
                0.4876834178195816,
                0.21944661259180787
            ],
            [
                0.38381069599972295,
                0.31996827248459014,
                0.2962210315156869
            ],
            [
                0.32121303474431456,
                0.4289984953639281,
                0.24978846989175738
            ],
            [
                0.2258347349062524,
                0.4525788624969002,
                0.3215864025968473
            ],
            [
                0.2883445299305276,
                0.21462232139470944,
                0.4970331486747629
            ]
        ],
        "w_star": [
            0.29600872088399466,
            0.218919966966731,
            0.06008899005251153,
            0.04711042062901224,
            0.06554746448590366,
            0.019508290619217845,
            0.013724757652502079,
            0.004745176061565961,
            0.03530873417460116,
            0.005782245303870634,
            0.005347170511364956,
            0.07396604372297663,
            0.002020509412404614,
            0.1489447919236297,
            0.002976717599713505
        ],
        "T_star": 0.00038407228532707805
    },
    {
        "n": 15,
        "k": 5,
        "delta": 0.1,
        "means": [
            [
                4.109858525432786,
                1.815978511154851,
                3.514491020815609,
                6.7444225243056435,
                9.289503071938206
            ],
            [
                0.7144365832436306,
                3.9486039585795254,
                5.6298784513429965,
                8.076333382112738,
                7.12279600268819
            ],
            [
                3.344990054857747,
                5.566811283875332,
                9.187310970957705,
                0.5569474782077499,
                7.462277807813127
            ],
            [
                2.980359849161739,
                7.024706026132588,
                8.870800276761438,
                3.765519379138248,
                5.074492961132361
            ],
            [
                7.230125333210169,
                8.293054916483397,
                7.352340408066099,
                4.986481767761385,
                0.5843201529713282
            ],
            [
                9.054776988404829,
                1.7212073570968711,
                7.022000809344192,
                2.5347471119303355,
                5.755443775128891
            ],
            [
                6.36345690787027,
                2.4407040487351717,
                4.201246292435261,
                9.288028754564252,
                2.4096657904699303
            ],
            [
                3.9464596489015227,
                1.1487036410473184,
                9.779766350499376,
                3.0408246802271846,
                5.766845524538116
            ],
            [
                4.49374284280653,
                2.1020296585905585,
                9.827735187329646,
                6.689312251383609,
                2.260960818590292
            ],
            [
                5.219154553953772,
                3.2826917193361735,
                5.35430396281784,
                6.241574755957134,
                5.223998439759864
            ],
            [
                4.119503507505494,
                3.502950675252854,
                7.349609270430536,
                0.6350728743042455,
                9.716992403954075
            ],
            [
                9.896122333497402,
                0.13483409603565533,
                3.833689800315505,
                8.894170240167503,
                5.170398844098071
            ],
            [
                3.725532343504556,
                9.479078572824752,
                7.885013066948899,
                4.879471916622765,
                0.3635721984470919
            ],
            [
                9.406059157105709,
                9.617698989192043,
                3.4113700711900954,
                7.4914159713823745,
                0.8111129055778343
            ],
            [
                4.93624237445291,
                4.222655989023076,
                3.517296195641576,
                4.450976927859713,
                7.658154124002781
            ]
        ],
        "contexts": [
            [
                0.2561599206468502,
                0.19060897126656628,
                0.1804782506850976,
                0.16899546735194662,
                0.2037573900495392
            ],
            [
                0.27596747887676704,
                0.1042795159032241,
                0.1643965357698439,
                0.24585606918819053,
                0.20950040026197436
            ],
            [
                0.22578763150016434,
                0.19475685029337808,
                0.1563641174964718,
                0.20627878970624255,
                0.21681261100374327
            ],
            [
                0.24187941871771745,
                0.21466248171304528,
                0.1153410445878501,
                0.3314069625236922,
                0.09671009245769502
            ],
            [
                0.2079519193502829,
                0.10307820332330157,
                0.204543572336475,
                0.17283762770630703,
                0.31158867728363354
            ],
            [
                0.17274728449363153,
                0.26655040541126157,
                0.2555072106282818,
                0.1943838057285094,
                0.1108112937383156
            ],
            [
                0.3503590967139546,
                0.25178661924761236,
                0.12680313548555877,
                0.13320944240736826,
                0.1378417061455062
            ],
            [
                0.18320898890657158,
                0.24384192914126032,
                0.22806173760693477,
                0.11628670332089505,
                0.22860064102433825
            ],
            [
                0.25673583867817507,
                0.20442435859596755,
                0.19270315170254726,
                0.15074469088481451,
                0.19539196013849564
            ],
            [
                0.13788371506397865,
                0.2510122103767189,
                0.17842977231713053,
                0.21977213702564213,
                0.21290216521652974
            ],
            [
                0.19745212527275785,
                0.15044087641963394,
                0.3527921148248495,
                0.20124508085623424,
                0.0980698026265245
            ],
            [
                0.17275682357781433,
                0.2586208713594967,
                0.256119786370773,
                0.09372547215749348,
                0.2187770465344225
            ],
            [
                0.13939644001526116,
                0.14093311502164704,
                0.21511673673361129,
                0.20936172173153944,
                0.29519198649794104
            ],
            [
                0.09888926065770945,
                0.17062073129014957,
                0.29829595214115584,
                0.1387684774473104,
                0.2934255784636747
            ],
            [
                0.18794938292613728,
                0.12004841753410557,
                0.14786572018792243,
                0.34918665106803753,
                0.19494982828379723
            ]
        ],
        "w_star": [
            0.28026630575767736,
            0.14746848806030405,
            0.12227858825241907,
            0.05938320299541333,
            0.011286878652621093,
            0.021311931306256776,
            0.020755828457807105,
            0.01118269899598946,
            0.01522248344719369,
            0.04702541341731647,
            0.16331192237108816,
            0.001984225815801228,
            0.001873720843798608,
            0.00712593702987118,
            0.0895223745964425
        ],
        "T_star": 0.0003587195206357051
    },
    {
        "n": 15,
        "k": 7,
        "delta": 0.1,
        "means": [
            [
                6.386707044095075,
                4.87401370386592,
                1.6236324722843132,
                0.5719218468893295,
                9.218108301967353,
                3.792457209319343,
                9.290230244422009
            ],
            [
                0.9492214477558247,
                1.7805408340104056,
                6.99488499790871,
                3.5743372568737595,
                7.530389862187185,
                8.35762814017643,
                6.821415696191757
            ],
            [
                6.398506651713697,
                0.054064205838167956,
                8.114916385424749,
                8.333446245563447,
                3.3093266976146185,
                3.8763445493947724,
                0.7774424585821982
            ],
            [
                1.0888479838882947,
                1.8656033649119907,
                8.671138811867323,
                3.0704155700357716,
                8.455838563813803,
                3.1427616885118526,
                5.849243142526072
            ],
            [
                6.224569033040353,
                2.2988975587799354,
                2.684091922682522,
                3.999831554727964,
                9.657662829419648,
                7.537855596335811,
                0.002564904761938047
            ],
            [
                6.387822487821656,
                7.64211954231393,
                1.690927608362427,
                4.727104793850458,
                0.5665615304518279,
                7.129936991716644,
                2.394164983972278
            ],
            [
                4.050236511385805,
                6.8391896035852975,
                0.916591430978908,
                6.565515687773475,
                0.4246955334285418,
                8.342599611768138,
                6.570887447597379
            ],
            [
                3.4126845131485717,
                8.012902649957894,
                7.896532747471196,
                0.8488901272359484,
                5.758297308983008,
                0.47476528977964727,
                8.342311996971873
            ],
            [
                5.942680799843152,
                2.7711480388178957,
                3.581442168857223,
                1.9312620109453515,
                5.620136877353971,
                7.931332884135011,
                8.678437734196914
            ],
            [
                0.4997573370600794,
                4.764049836099601,
                3.766556938297035,
                1.8362965182671243,
                9.987658838761632,
                6.9398987087865285,
                9.126840960518011
            ],
            [
                1.318312184058198,
                9.12160522552675,
                3.8392153240598703,
                6.9757767726756175,
                7.031374263511393,
                2.888901957761212,
                3.1950224577893405
            ],
            [
                7.340530551288315,
                2.6160982610271977,
                1.092586831886515,
                6.372043069507233,
                6.720520228388062,
                3.479418356890803,
                3.303313221129789
            ],
            [
                1.180585819782971,
                5.434867711620564,
                6.60873590863408,
                3.0800683478617987,
                7.432256119003969,
                5.795225445613415,
                3.9348272252160665
            ],
            [
                7.18249483657541,
                7.113294625723922,
                6.900387394050721,
                4.851873142660396,
                6.370895755723139,
                1.301991162932522,
                1.0297845881776801
            ],
            [
                5.451260551950787,
                2.237518134559595,
                2.4122036591148732,
                5.462483337185555,
                9.510705805323093,
                9.236549769408722,
                0.8427850823742711
            ]
        ],
        "contexts": [
            [
                0.11909958462128417,
                0.11466283710959133,
                0.08238573512730954,
                0.20612756678558966,
                0.07811907588656826,
                0.19248984308214556,
                0.20711535738751144
            ],
            [
                0.14390455290868434,
                0.2358835871274315,
                0.1102243536728359,
                0.0898119641121599,
                0.14806330739482537,
                0.1784929945701422,
                0.09361924021392076
            ],
            [
                0.10496757381444527,
                0.08413668001643708,
                0.19557649314707898,
                0.18506984004233,
                0.10821131165538014,
                0.1419593463174098,
                0.18007875500691867
            ],
            [
                0.15649514758678987,
                0.11079531523252609,
                0.17028040648600695,
                0.10361471320195599,
                0.14923857051988323,
                0.15669038858557163,
                0.15288545838726628
            ],
            [
                0.09477545038398327,
                0.19621674511798023,
                0.12527608595059717,
                0.1254980897212692,
                0.12462942263975728,
                0.22925580416389035,
                0.10434840202252263
            ],
            [
                0.183603578446862,
                0.13082031793454565,
                0.08690536415431378,
                0.2716836219484851,
                0.07527399745862144,
                0.1179365014622706,
                0.13377661859490134
            ],
            [
                0.12455736026951814,
                0.1891448434387953,
                0.13549122817749681,
                0.08522621541165547,
                0.1713654179633954,
                0.14697678400543585,
                0.14723815073370308
            ],
            [
                0.08316167820999662,
                0.1365432470284714,
                0.12223956535066573,
                0.15057659195813966,
                0.17858406085052125,
                0.18249326441909305,
                0.14640159218311224
            ],
            [
                0.1010027648380155,
                0.24338502191727013,
                0.16647616161312725,
                0.0691679225244677,
                0.21992784236960514,
                0.10313527863317967,
                0.09690500810433464
            ],
            [
                0.21933850867239418,
                0.12426751464211255,
