[
    {
        "n": 5,
        "k": 3,
        "delta": 0.01,
        "means": [
            0.20519793506656614,
            0.23727795240278893,
            0.8684248932514805
        ],
        "contexts": [
            [
                0.23125919924454041,
                0.20018809935438175,
                0.5685527014010778
            ],
            [
                0.5074557734457247,
                0.22761084911092264,
                0.2649333774433527
            ],
            [
                0.24558268685658613,
                0.5517449738619576,
                0.20267233928145617
            ],
            [
                0.2244600468782238,
                0.5686546178174295,
                0.2068853353043466
            ],
            [
                0.39822055866389083,
                0.35253894363811833,
                0.2492404976979909
            ]
        ],
        "w_star": [
            0.2344588320594054,
            0.34255984134986905,
            0.42298132658106335
        ],
        "T_star": 0.03684304491123844
    },
    {
        "n": 5,
        "k": 5,
        "delta": 0.01,
        "means": [
            0.8782919849430129,
            0.09422351261537909,
            0.823877944350144,
            0.06692899448041945,
            0.1225679991221944
        ],
        "contexts": [
            [
                0.2273398894385664,
                0.167983846646849,
                0.10494561002643595,
                0.28893956661073156,
                0.21079108727741713
            ],
            [
                0.11921416542126646,
                0.12198918859347209,
                0.09838609406614619,
                0.3419510364679346,
                0.3184595154511807
            ],
            [
                0.17499561350763285,
                0.2783530769504082,
                0.08668620308588065,
                0.2189757701397709,
                0.24098933631630742
            ],
            [
                0.31345892076741694,
                0.2261119576726605,
                0.2830117169131036,
                0.08957099432701925,
                0.08784641031979969
            ],
            [
                0.22979253194363763,
                0.2347533263796775,
                0.07630489052611689,
                0.25077806491070814,
                0.20837118623985984
            ]
        ],
        "w_star": [
            0.19821605339921652,
            0.16433728385438579,
            0.17347575399168225,
            0.2393047695516621,
            0.22466614638139634
        ],
        "T_star": 0.0419325669990603
    },
    {
        "n": 5,
        "k": 8,
        "delta": 0.01,
        "means": [
            0.9947308068391858,
            0.9086981017836084,
            0.013415919222591999,
            0.17613881604905224,
            0.8750840022025491,
            0.14363791260968883,
            0.46078232901470906,
            0.9673796103055915
        ],
        "contexts": [
            [
                0.17540138065918884,
                0.19510297732397563,
                0.07494777675988235,
                0.060477550418076294,
                0.15319962753498625,
                0.05979345849270362,
                0.07271757120749124,
                0.20835965760369565
            ],
            [
                0.131722714915763,
                0.12205183958656163,
                0.1873082649070098,
                0.11194736111404567,
                0.06546009364202797,
                0.06464891546697495,
                0.19993041680560783,
                0.11693039356200907
            ],
            [
                0.13070815032007552,
                0.1711798623333052,
                0.15793361617236754,
                0.1445608567630618,
                0.1322241754046742,
                0.16100937388316366,
                0.054212241142824025,
                0.04817172398052799
            ],
            [
                0.12152198110983466,
                0.060698331580879554,
                0.13488327268607966,
                0.14606617408230207,
                0.15940370816010957,
                0.08487982296327916,
                0.1900656149605825,
                0.10248109445693286
            ],
            [
                0.0918831874307714,
                0.1503035477340898,
                0.2102155386930862,
                0.17872985927251847,
                0.08361625573764905,
                0.09566300450881156,
                0.105536256889719,
                0.08405234973335451
            ]
        ],
        "w_star": [
            0.14019270428588615,
            0.14451759383612212,
            0.15855860750233797,
            0.10370179009554692,
            0.09106299740102622,
            0.066032973016412,
            0.15685445554668803,
            0.13907887756759746
        ],
        "T_star": 0.04752425968597587
    },
    {
        "n": 10,
        "k": 3,
        "delta": 0.01,
        "means": [
            0.06383953051126523,
            0.2796026179803509,
            0.9992778833755577
        ],
        "contexts": [
            [
                0.3474032262583626,
                0.376693565103481,
                0.27590320863815637
            ],
            [
                0.3842131420135496,
                0.2953571535859319,
                0.3204297044005183
            ],
            [
                0.2591327566798615,
                0.4925120998170501,
                0.24835514350308846
            ],
            [
                0.2600372581107564,
                0.2721413056223868,
                0.4678214362668568
            ],
            [
                0.36648749131796904,
                0.3027718104278986,
                0.3307406982541324
            ],
            [
                0.40147653031551506,
                0.3645825785825837,
                0.23394089110190122
            ],
            [
                0.3681109211518128,
                0.4259397716850132,
                0.20594930716317406
            ],
            [
                0.3292384159041592,
                0.32212123534647885,
                0.34864034874936184
            ],
            [
                0.4319501671296461,
                0.33030629626516367,
                0.23774353660519018
            ],
            [
                0.4888939722298765,
                0.23400774719439474,
                0.2770982805757288
            ]
        ],
        "w_star": [
            0.2596301470280364,
            0.3713310428135695,
            0.3690388410041403
        ],
        "T_star": 0.04761724345282235
    },
    {
        "n": 10,
        "k": 5,
        "delta": 0.01,
        "means": [
            0.914223593902933,
            0.9703620933202476,
            0.1236179621505622,
            0.2106218244360294,
            0.0869730905388344
        ],
        "contexts": [
            [
                0.22087018465073008,
                0.10398018897303911,
                0.13077408470220436,
                0.2779298926254067,
                0.2664456490486197
            ],
            [
                0.2301975485617589,
                0.24301620698104137,
                0.20597664041544442,
                0.09126779489483619,
                0.2295418091469191
            ],
            [
                0.3064768099474235,
                0.2953992622104901,
                0.19069537703542885,
                0.12135431225175804,
                0.0860742385548994
            ],
            [
                0.19346151665827138,
                0.13314286802605102,
                0.16250211133624914,
                0.20951195874187867,
                0.3013815452375498
            ],
            [
                0.29885095715512955,
                0.18617030592910877,
                0.13441839570341885,
                0.11657330943198652,
                0.2639870317803563
            ],
            [
                0.21350569936024466,
                0.21065516983992227,
                0.1778987990429118,
                0.28510527581148515,
                0.11283505594543612
            ],
            [
                0.19800091658965638,
                0.16025159361193955,
                0.274483685212072,
                0.1927177064536413,
                0.17454609813269073
            ],
            [
                0.22985316967944586,
                0.23357151820507743,
                0.1867202200288439,
                0.2636510239401365,
                0.08620406814649618
            ],
            [
                0.1907608875404834,
                0.1306816585540074,
                0.16423834467931298,
                0.35634977139642743,
                0.15796933782976874
            ],
            [
                0.27930099298083727,
                0.17633190625975004,
                0.23216064356399918,
                0.1517683651017451,
                0.16043809209366847
            ]
        ],
        "w_star": [
            0.21158289128938615,
            0.18734185083171792,
            0.18394748970802838,
            0.15118376919275175,
            0.26594401230967946
        ],
        "T_star": 0.02775255753671582
    },
    {
        "n": 10,
        "k": 8,
        "delta": 0.01,
        "means": [
            0.7075183067035897,
            0.048368466988995884,
            0.9445549735102574,
            0.14558037587073436,
            0.6461733831424578,
            0.14254139534735166,
            0.8847575530758786,
            0.09498442455828948
        ],
        "contexts": [
            [
                0.07175020917107508,
                0.11949532001749243,
                0.1559905684164771,
                0.13661939206536847,
                0.11669633662975865,
                0.12862768903677935,
                0.1333260350624868,
                0.13749444960056212
            ],
            [
                0.18995412112716267,
                0.15231137588517588,
                0.05965409912488715,
                0.18589288433634488,
                0.1612236123489643,
                0.13237051766007532,
                0.052490375569842915,
                0.06610301394754682
            ],
            [
                0.06259449256755834,
                0.1779027457190664,
                0.06694255125316184,
                0.20078926556792195,
                0.15290050761669033,
                0.12990719633790343,
                0.06153446017352743,
                0.14742878076417026
            ],
            [
                0.058740509900763634,
                0.14894879023524138,
                0.19120193478361527,
                0.19764629271967332,
                0.10183728072444093,
                0.05396735842767562,
                0.1099151784352716,
                0.1377426547733184
            ],
            [
                0.06693370847925612,
                0.1493453393846851,
                0.14864129439479412,
                0.15509704463220242,
                0.10598816082553655,
                0.15209385257130406,
                0.12947943427085587,
                0.0924211654413656
            ],
            [
                0.09129029561271047,
                0.16039850584151605,
                0.16009497022416283,
                0.1323955594417704,
                0.11376533213145328,
                0.09629517487032166,
                0.07939467018312385,
                0.16636549169494144
            ],
            [
                0.16924056705318435,
                0.09855956856868939,
                0.053944039612022286,
                0.16550317785591848,
                0.12191724453375562,
                0.11089006776211054,
                0.10854154622162268,
                0.17140378839269665
            ],
            [
                0.0915663229890913,
                0.17645005664261376,
                0.07049540993732735,
                0.16428817868283693,
                0.18966357393370212,
                0.06971750718457086,
                0.1518354871489404,
                0.08598346348091725
            ],
            [
                0.08862307694860322,
                0.1125817835917605,
                0.15035598197084987,
                0.08072491276103216,
                0.14561486777124846,
                0.20128209359387583,
                0.09738706280767467,
                0.12343022055495534
            ],
            [
                0.09143823504418372,
                0.08257884244891465,
                0.20554548804322825,
                0.07204408163655653,
                0.13569125925534298,
                0.1044940963392099,
                0.18195541401754897,
                0.12625258321501495
            ]
        ],
        "w_star": [
            0.08803621523777219,
            0.11986455286700506,
            0.18183104065104247,
            0.14164519331479256,
            0.12290594242509803,
            0.0847436609963797,
            0.13511818647898316,
            0.1258552087416254
        ],
        "T_star": 0.02077908224335976
    },
    {
        "n": 15,
        "k": 3,
        "delta": 0.01,
        "means": [
            0.8293579471671146,
            0.6795223399578314,
            0.19639092318908868
        ],
        "contexts": [
            [
                0.23406520266121336,
                0.34541062946818407,
                0.4205241678706026
            ],
            [
                0.35008467199478804,
                0.3288053673685451,
                0.32110996063666686
            ],
            [
                0.34827136050851815,
                0.36965796689554964,
                0.28207067259593227
            ],
            [
                0.22059571673729478,
                0.4054321459286475,
                0.37397213733405765
            ],
            [
                0.22585816353044325,
                0.2884702532785057,
                0.485671583191051
            ],
            [
                0.3137833768719459,
                0.23791636755892895,
                0.4483002555691251
            ],
            [
                0.2663234028365123,
                0.26406685059160734,
                0.4696097465718804
            ],
            [
                0.335112837502758,
                0.3978130399468286,
                0.2670741225504133
            ],
            [
                0.4919736295123986,
                0.19836051701702911,
                0.3096658534705723
            ],
            [
                0.5854849981299375,
                0.2153504335742327,
                0.1991645682958299
            ],
            [
                0.24338106442438576,
                0.3637161333696358,
                0.39290280220597834
            ],
            [
                0.25131517028387795,
                0.2572761248686284,
                0.4914087048474936
            ],
            [
                0.3355454485732049,
                0.28773619848650905,
                0.3767183529402861
            ],
            [
                0.31294435504222773,
                0.2034115420819591,
                0.48364410287581305
            ],
            [
                0.19640264177356187,
                0.4704921312645752,
                0.33310522696186295
            ]
        ],
        "w_star": [
            0.4660271985751774,
            0.3024071903970248,
            0.23156565511096502
        ],
        "T_star": 0.009347999451294817
    },
    {
        "n": 15,
        "k": 5,
        "delta": 0.01,
        "means": [
            0.11031132907062047,
            0.17223254847433156,
            0.989257531443176,
            0.23167336643798297,
            0.7377606254097704
        ],
        "contexts": [
            [
                0.30821795217497283,
                0.0952999861104098,
                0.21355371900777073,
                0.16075883664502838,
                0.2221695060618183
            ],
            [
                0.2427771847720872,
                0.2966971705833787,
                0.09117362564448905,
                0.1595557009657026,
                0.2097963180343424
            ],
            [
                0.08283831581413285,
                0.2350442602391219,
                0.21845555595910865,
                0.24346271238155218,
                0.22019915560608436
            ],
            [
                0.3198655642853217,
                0.21751699498145002,
                0.19766857119681788,
                0.09840088938205685,
                0.16654798015435346
            ],
            [
                0.17625046845705522,
                0.1716238758477492,
                0.149195246025771,
                0.21243655659334643,
                0.29049385307607817
            ],
            [
                0.1161598658119518,
                0.2305771109159346,
                0.2257891166797659,
                0.19374579044783596,
                0.23372811614451186
            ],
            [
                0.27880789259565175,
                0.2638946661336138,
                0.24953526248078411,
                0.09208737823537456,
                0.11567480055457582
            ],
            [
                0.23400940367337192,
                0.09838206300737738,
                0.20183448254700256,
                0.24492718830161428,
                0.22084686247063373
            ],
            [
                0.2217924954349493,
                0.12412612500153342,
                0.21181976293595123,
                0.09920963459072794,
                0.3430519820368382
            ],
            [
                0.2276054382760515,
                0.1838681013030273,
                0.19418320090688573,
                0.28296821190619303,
                0.11137504760784246
            ],
            [
                0.14951062203980553,
                0.14187149848003944,
                0.3797068112483555,
                0.12245242305287192,
                0.2064586451789277
            ],
            [
                0.12309780434819019,
                0.2594546283931082,
                0.13947294119619233,
                0.23163423591018434,
                0.24634039015232506
            ],
            [
                0.3648767375365808,
                0.15632577942750742,
                0.17475587971152223,
                0.13747621848327696,
                0.1665653848411125
            ],
            [
                0.12593423629020864,
                0.25916411928078464,
                0.16711262734153673,
                0.18104608102752404,
                0.26674293605994587
            ],
            [
                0.2671588942297277,
                0.19987002850419983,
                0.24325156044665486,
                0.17889770631842608,
                0.11082181050099148
            ]
        ],
        "w_star": [
            0.17808448152472672,
            0.13485659682701667,
            0.3133393241762308,
            0.11326432796022602,
            0.2604555466752193
        ],
        "T_star": 0.01092434282337375
    },
    {
        "n": 15,
        "k": 8,
        "delta": 0.01,
        "means": [
            0.47483423139235625,
            0.4236981406423871,
            0.802828802075901,
            0.006888530265573789,
            0.8392853809241774,
            0.5896248818434964,
            0.988179140894678,
            0.43831697702192374
        ],
        "contexts": [
            [
                0.13425208103000413,
                0.156880866562903,
                0.07249916594567145,
                0.14686510302712386,
                0.1239062293073513,
                0.1568514477246002,
                0.09692639982701699,
                0.11181870657532907
            ],
            [
                0.14488694107053335,
                0.17827878426995195,
                0.09544674708380231,
                0.08331676718268016,
                0.08615044803585004,
                0.18350895513923618,
                0.13093059634659177,
                0.09748076087135428
            ],
            [
                0.11146660541471869,
                0.18862845109002785,
                0.151490427631803,
                0.12429218881680763,
                0.11390140992782945,
                0.11629345241179344,
                0.1172649863120161,
                0.07666247839500387
            ],
            [
                0.13537815850180868,
                0.13572103081011327,
                0.08217160978107844,
                0.14872609286798377,
                0.16283497459640003,
                0.16487243320446127,
                0.053368207998075186,
                0.11692749224007931
            ],
            [
                0.1411658998482838,
                0.06498340351819035,
                0.10957123224065754,
                0.1614170629591964,
                0.07094779723161529,
                0.11615286084029003,
                0.19180634104989722,
                0.14395540231186932
            ],
            [
                0.07581988891740152,
                0.15201218122524002,
                0.07673957938683569,
                0.13640741645291005,
                0.1517452436500685,
                0.11584537133759894,
                0.15069526152978385,
                0.1407350575001614
            ],
            [
                0.10183835407380243,
                0.11283476184995946,
                0.08109789539796806,
                0.0962134543231373,
                0.12445859107288006,
                0.18425260820315917,
                0.1545081780463536,
                0.14479615703273985
            ],
            [
                0.07517726643817564,
                0.11684762822226702,
                0.10508207967270174,
                0.12887154118312816,
                0.10203134685816101,
                0.196001449677889,
                0.12044402385235561,
                0.15554466409532183
            ],
            [
                0.06151757819816638,
                0.08967207928910521,
                0.14711234019042016,
                0.17786573382500112,
                0.12532560051166447,
                0.1559345840893789,
                0.13092718566416758,
                0.11164489823209635
            ],
            [
                0.13866590606522022,
                0.10431773117976112,
                0.10922116405312782,
                0.13358926517908404,
                0.16721777481546438,
                0.1632395436713432,
                0.13566121426730476,
                0.04808740076869454
            ],
            [
                0.12658273308683463,
                0.08985109192582556,
                0.10779506395375367,
                0.19131774723348907,
                0.050781533351017885,
                0.1665729238046002,
                0.12130260040664685,
                0.14579630623783213
            ],
            [
                0.05923554009183314,
                0.09318151882349791,
                0.18255447905945574,
                0.1605589286210891,
                0.1321892600845333,
                0.08618602849596589,
                0.10495320067227579,
                0.18114104415134913
            ],
            [
                0.0886645549156019,
                0.18545199596544135,
                0.0760306572954441,
                0.18457916814767913,
                0.13010678949255822,
                0.12397552578179089,
                0.05283119634019365,
                0.1583601120612908
            ],
            [
                0.19200285355544713,
                0.1238373070873247,
                0.0976179133342729,
                0.09332445915971815,
                0.07529974896262052,
                0.11526413783829835,
                0.14844514567277456,
                0.15420843438954376
            ],
            [
                0.08535855155781477,
                0.06924458467548193,
                0.07295277674018597,
                0.0862670343891767,
                0.22526243088518058,
                0.0822513692054327,
                0.22717691532246187,
                0.15148633722426563
            ]
        ],
        "w_star": [
            0.10437029131021253,
            0.11003615469048132,
            0.08099049046413188,
            0.090117502295239,
            0.15310449618045935,
            0.1475164149038797,
            0.17594911652432466,
            0.13791554786004695
        ],
        "T_star": 0.00830509079777794
    },
    {
        "n": 3,
        "k": 3,
        "delta": 0.01,
        "means": [
            1.0,
            0.09,
            0.11
        ],
        "contexts": [
            [
                0.98,
                0.015,
                0.005
            ],
            [
                0.98,
                0.005,
                0.015
            ],
            [
                0.1,
                0.45,
                0.45
            ]
        ],
        "w_star": [
            0.5000138288486075,
            0.24772033731613605,
            0.2522658338352565
        ],
        "T_star": 0.031186031939473394
    }
]
